cluster
1,3
10,3
100,3
1000,1
1001,1
1002,1
1003,1
1004,1
1005,1
1006,1
1007,1
1008,1
1009,1
101,3
1010,1
1011,1
1012,1
1013,1
1014,1
1015,1
1016,1
1017,1
1018,1
1019,1
102,3
1020,1
1021,1
1022,1
1023,1
1024,1
1025,1
1026,1
1027,1
1028,1
1029,1
103,3
1030,1
1031,1
1032,1
1033,1
1034,1
1035,1
1036,1
1037,1
1038,1
1039,1
104,3
1040,1
1041,1
1042,1
1043,1
1044,1
1045,1
1046,1
1047,1
1048,1
1049,1
105,3
1050,1
1051,1
1052,1
1053,1
1054,1
1055,1
1056,1
1057,1
1058,1
1059,1
106,3
1060,1
1061,1
1062,1
1063,1
1064,1
1065,1
1066,1
1067,1
1068,1
1069,1
107,3
1070,1
1071,1
1072,1
1073,1
1074,1
1075,1
1076,1
1077,1
1078,1
1079,1
108,3
1080,1
1081,1
1082,1
1083,1
1084,1
1085,1
1086,1
1087,1
1088,1
1089,1
109,3
1090,1
1091,1
1092,1
1093,1
1094,1
1095,1
1096,1
1097,1
1098,1
1099,1
11,3
110,3
1100,1
1101,1
1102,1
1103,1
1104,1
1105,1
1106,1
1107,1
1108,1
1109,1
111,3
1110,1
1111,1
1112,1
1113,1
1114,1
1115,1
1116,1
1117,1
1118,1
1119,1
112,3
1120,1
1121,1
1122,1
1123,1
1124,1
1125,1
1126,1
1127,1
1128,1
1129,1
113,3
1130,1
1131,1
1132,1
1133,1
1134,1
1135,1
1136,1
1137,1
1138,1
1139,1
114,3
1140,1
1141,1
1142,1
1143,1
1144,1
1145,1
1146,1
1147,1
1148,1
1149,1
115,3
1150,1
1151,1
1152,1
1153,1
1154,1
1155,1
1156,1
1157,1
1158,1
1159,1
116,3
1160,1
1161,1
1162,1
1163,1
1164,1
1165,1
1166,1
1167,1
1168,1
1169,1
117,3
1170,1
1171,1
1172,1
1173,1
1174,1
1175,1
1176,1
1177,1
1178,1
1179,1
118,3
1180,1
1181,1
1182,1
1183,1
1184,1
1185,1
1186,1
1187,1
1188,1
1189,1
119,3
1190,1
1191,1
1192,1
1193,1
1194,1
1195,1
1196,1
1197,1
1198,1
1199,1
12,3
120,3
1200,1
1201,1
1202,1
1203,1
1204,1
1205,1
1206,1
1207,1
1208,1
1209,1
121,3
1210,1
1211,1
1212,1
1213,1
1214,1
1215,1
1216,1
1217,1
1218,3
1219,3
122,3
1220,3
1221,3
1222,3
1223,3
1224,3
1225,3
1226,1
1227,3
1228,3
1229,1
123,3
1230,1
1231,1
1232,1
1233,1
1234,1
1235,1
1236,1
1237,1
1238,1
1239,1
124,3
1240,1
1241,1
1242,3
1243,3
1244,3
1245,3
1246,3
1247,3
1248,3
1249,3
125,3
1250,3
1251,3
1252,3
1253,3
1254,3
1255,3
1256,3
1257,3
1258,3
1259,3
126,3
1260,3
1261,3
1262,3
1263,3
1264,3
1265,3
1266,3
1267,3
1268,3
1269,3
127,3
1270,3
1271,3
1272,3
1273,3
1274,3
1275,3
1276,3
1277,3
1278,3
1279,3
128,3
1280,3
1281,3
1282,3
1283,3
1284,3
1285,3
1286,3
1287,3
1288,3
1289,3
129,3
1290,3
1291,3
1292,3
1293,3
1294,3
1295,3
1296,3
1297,3
1298,3
1299,3
13,3
130,3
1300,3
1301,3
1302,3
1303,3
1304,3
1305,3
1306,3
1307,3
1308,3
1309,3
131,3
1310,3
1311,3
1312,3
1313,3
1314,3
1315,3
1316,3
1317,3
1318,3
1319,3
132,3
1320,3
1321,3
1322,3
1323,3
1324,3
1325,3
1326,3
1327,3
1328,3
1329,3
133,3
1330,3
1331,3
1332,3
1333,3
1334,3
1335,3
1336,3
1337,3
1338,3
1339,3
134,3
1340,3
1341,3
1342,3
1343,3
1344,3
1345,3
1346,3
1347,3
1348,3
1349,3
135,3
1350,3
1351,3
1352,3
1353,3
1354,3
1355,3
1356,3
1357,3
1358,3
1359,3
136,3
1360,3
1361,3
1362,3
1363,3
1364,3
1365,3
1366,3
1367,3
1368,3
1369,3
137,3
1370,3
1371,3
1372,3
1373,3
1374,3
1375,3
1376,3
1377,3
1378,3
1379,3
138,3
1380,3
1381,3
1382,3
1383,3
1384,3
1385,3
1386,3
1387,3
1388,3
1389,3
139,3
1390,3
1391,3
1392,3
1393,3
1394,3
1395,3
1396,3
1397,3
1398,3
1399,3
14,3
140,3
1400,3
1401,3
1402,3
1403,3
1404,3
1405,3
1406,3
1407,3
1408,3
1409,3
141,3
1410,3
1411,3
1412,3
1413,3
1414,3
1415,3
1416,3
1417,3
1418,3
1419,3
142,3
1420,3
1421,3
1422,3
1423,3
1424,3
1425,3
1426,3
1427,3
1428,3
1429,3
143,3
1430,3
1431,3
1432,3
1433,3
1434,3
1435,3
1436,3
1437,3
1438,3
1439,3
144,3
1440,3
1441,3
1442,3
1443,3
1444,3
1445,2
1446,2
1447,2
1448,2
1449,2
145,3
1450,2
1451,2
1452,2
1453,2
1454,2
1455,2
1456,2
1457,2
1458,2
1459,2
146,3
1460,2
1461,2
1462,2
1463,2
1464,2
1465,2
1466,2
1467,2
1468,2
1469,2
147,3
1470,2
1471,2
1472,2
1473,2
1474,2
1475,2
1476,2
1477,2
1478,2
1479,2
148,3
1480,2
1481,2
1482,2
1483,2
1484,2
1485,2
1486,2
1487,2
1488,2
1489,2
149,3
1490,2
1491,2
1492,2
1493,2
1494,2
1495,2
1496,2
1497,2
1498,2
1499,2
15,3
150,3
1500,2
1501,2
1502,2
1503,2
1504,2
1505,2
1506,2
1507,2
1508,2
1509,2
151,3
1510,2
1511,2
1512,2
1513,2
1514,2
1515,2
1516,2
1517,2
1518,2
1519,2
152,3
1520,2
1521,2
1522,2
1523,2
1524,2
1525,2
1526,2
1527,2
1528,2
1529,2
153,3
1530,2
1531,2
1532,2
1533,2
1534,2
1535,2
1536,2
1537,2
1538,2
1539,2
154,3
1540,2
1541,2
1542,2
1543,2
1544,2
1545,2
1546,2
1547,2
1548,2
1549,2
155,3
1550,2
1551,2
1552,2
1553,2
1554,2
1555,2
1556,2
1557,2
1558,2
1559,2
156,3
1560,2
1561,2
1562,2
1563,2
1564,2
1565,2
1566,2
1567,2
1568,2
1569,2
157,3
1570,2
1571,2
1572,2
1573,2
1574,2
1575,2
1576,2
1577,2
1578,2
1579,2
158,3
1580,2
1581,2
1582,2
1583,2
1584,2
1585,2
1586,2
1587,2
1588,2
1589,2
159,3
1590,2
1591,2
1592,2
1593,2
1594,2
1595,2
1596,2
1597,2
1598,2
1599,2
16,3
160,3
1600,2
1601,2
1602,2
1603,2
1604,2
1605,2
1606,2
1607,2
1608,2
1609,2
161,3
1610,2
1611,2
1612,2
1613,2
1614,2
1615,2
1616,2
1617,2
1618,2
1619,2
162,3
1620,2
1621,2
1622,2
1623,2
1624,2
1625,2
1626,2
1627,2
1628,2
1629,2
163,3
1630,2
1631,2
1632,2
1633,2
1634,2
1635,2
1636,2
1637,2
1638,2
1639,2
164,3
1640,2
1641,2
1642,2
1643,2
1644,2
1645,2
1646,2
1647,2
1648,2
1649,2
165,3
1650,2
1651,2
1652,2
1653,2
1654,2
1655,2
1656,2
1657,2
1658,2
1659,2
166,3
1660,2
1661,2
1662,2
1663,2
1664,2
1665,2
1666,2
1667,2
1668,2
1669,2
167,3
1670,2
1671,2
1672,2
1673,2
1674,2
1675,2
1676,2
1677,2
1678,2
1679,2
168,3
1680,2
1681,2
1682,2
1683,2
1684,2
1685,2
1686,2
1687,2
1688,2
1689,2
169,3
1690,2
1691,2
1692,2
1693,2
1694,2
1695,2
1696,2
1697,2
1698,2
1699,2
17,3
170,3
1700,2
1701,2
1702,2
1703,2
1704,2
1705,2
1706,2
1707,2
1708,2
1709,2
171,3
1710,2
1711,2
1712,2
1713,2
1714,2
1715,2
1716,2
1717,2
1718,2
1719,2
172,3
1720,2
1721,2
1722,2
1723,2
1724,2
1725,2
1726,2
1727,2
1728,2
1729,2
173,3
1730,2
1731,2
1732,2
1733,2
1734,2
1735,2
1736,2
1737,2
1738,2
1739,2
174,3
1740,2
1741,2
1742,3
1743,3
1744,3
1745,3
1746,3
1747,3
1748,3
1749,3
175,3
1750,3
1751,3
1752,3
1753,3
1754,3
1755,3
1756,3
1757,3
1758,3
1759,3
176,3
1760,3
1761,3
1762,3
1763,3
1764,3
1765,3
1766,3
1767,3
1768,3
1769,3
177,3
1770,3
1771,3
1772,3
1773,3
1774,3
1775,3
1776,3
1777,3
1778,3
1779,3
178,3
1780,3
1781,3
1782,3
1783,3
1784,3
1785,3
1786,3
1787,3
1788,3
1789,3
179,3
1790,3
1791,3
1792,3
1793,3
1794,1
1795,1
1796,1
1797,1
1798,1
1799,1
18,3
180,3
1800,1
1801,1
1802,1
1803,1
1804,1
1805,1
1806,1
1807,1
1808,1
1809,1
181,3
1810,1
1811,1
1812,1
1813,1
1814,1
1815,1
1816,1
1817,1
1818,1
1819,1
182,3
1820,1
1821,1
1822,1
1823,1
1824,1
1825,1
1826,1
1827,1
1828,1
1829,1
183,3
1830,1
1831,1
1832,1
1833,1
1834,1
1835,1
1836,1
1837,1
1838,1
1839,1
184,3
1840,1
1841,1
1842,1
1843,1
1844,1
1845,1
1846,1
1847,1
1848,1
1849,1
185,3
1850,1
1851,1
1852,1
1853,1
1854,1
1855,1
1856,1
1857,1
1858,1
1859,1
186,3
1860,1
1861,1
1862,1
1863,1
1864,1
1865,1
1866,1
1867,1
1868,1
1869,1
187,3
1870,1
1871,1
1872,1
1873,1
1874,1
1875,1
1876,1
1877,1
1878,1
1879,1
188,3
1880,1
1881,1
1882,1
1883,1
1884,1
1885,1
1886,1
1887,1
1888,1
1889,1
189,3
1890,1
1891,1
1892,1
1893,1
1894,1
1895,1
1896,1
1897,1
1898,1
1899,1
19,3
190,3
1900,1
1901,1
1902,1
1903,1
1904,1
1905,1
1906,1
1907,1
1908,1
1909,1
191,3
1910,1
1911,1
1912,1
1913,1
1914,1
1915,1
1916,1
1917,1
1918,1
1919,1
192,3
1920,1
1921,1
1922,1
1923,1
1924,1
1925,1
1926,1
1927,1
1928,1
1929,1
193,3
1930,1
1931,1
1932,1
1933,1
1934,1
1935,1
1936,1
1937,1
1938,1
1939,1
194,3
1940,1
1941,1
1942,1
1943,1
1944,1
1945,1
1946,1
1947,1
1948,1
1949,1
195,3
1950,1
1951,1
1952,1
1953,1
1954,1
1955,1
1956,1
1957,1
1958,1
1959,1
196,3
1960,1
1961,1
1962,1
1963,1
1964,1
1965,1
1966,1
1967,1
1968,1
1969,1
197,3
1970,1
1971,1
1972,1
1973,1
1974,1
1975,1
1976,1
1977,1
1978,1
1979,1
198,3
1980,1
1981,1
1982,1
1983,1
1984,1
1985,1
1986,1
1987,1
1988,1
1989,1
199,3
1990,1
1991,1
1992,1
1993,3
1994,1
1995,1
1996,1
1997,1
1998,1
1999,1
2,3
20,3
200,3
2000,1
2001,1
2002,1
2003,1
2004,1
2005,3
2006,3
2007,3
2008,3
2009,3
201,3
2010,3
2011,3
2012,3
2013,3
2014,3
2015,3
2016,3
2017,3
2018,3
2019,3
202,3
2020,3
2021,3
2022,3
2023,3
2024,3
2025,3
2026,3
2027,3
2028,3
2029,3
203,3
2030,3
2031,3
2032,3
2033,3
2034,3
2035,3
2036,3
2037,3
2038,3
2039,3
204,3
2040,3
2041,3
2042,3
2043,3
2044,3
2045,3
2046,3
2047,3
2048,3
2049,3
205,3
2050,3
2051,3
2052,3
2053,3
2054,3
2055,3
2056,3
2057,3
2058,3
2059,3
206,3
2060,3
2061,3
2062,3
2063,3
2064,3
2065,3
2066,3
2067,3
2068,3
2069,3
207,3
2070,3
2071,3
2072,3
2073,3
2074,3
2075,3
2076,3
2077,3
2078,3
2079,3
208,3
2080,3
2081,3
2082,3
2083,3
2084,3
2085,3
2086,3
2087,3
2088,3
2089,3
209,3
2090,3
2091,3
2092,3
2093,3
2094,3
2095,3
2096,3
2097,3
2098,3
2099,3
21,3
210,3
2100,3
2101,3
2102,3
2103,3
2104,3
2105,3
2106,3
2107,3
2108,3
2109,3
211,3
2110,3
2111,3
2112,3
2113,3
2114,3
2115,3
2116,3
2117,3
2118,3
2119,3
212,3
2120,3
2121,3
2122,3
2123,3
2124,3
2125,3
2126,3
2127,3
2128,3
2129,3
213,3
2130,3
2131,3
2132,3
2133,3
2134,3
2135,3
2136,3
2137,3
2138,3
2139,3
214,3
2140,3
2141,3
2142,3
2143,3
2144,3
2145,3
2146,3
2147,3
2148,3
2149,3
215,3
2150,3
2151,3
2152,3
2153,1
2154,3
2155,1
2156,1
2157,1
2158,1
2159,1
216,3
2160,1
2161,1
2162,1
2163,1
2164,1
2165,1
2166,1
2167,1
2168,1
2169,1
217,3
2170,1
2171,1
2172,1
2173,1
2174,1
2175,1
2176,1
2177,1
2178,1
2179,1
218,3
2180,1
2181,1
2182,1
2183,1
2184,1
2185,1
2186,1
2187,1
2188,1
2189,1
219,3
2190,1
2191,1
2192,1
2193,1
2194,1
2195,1
2196,1
2197,1
2198,1
2199,1
22,3
220,3
2200,1
2201,1
2202,1
2203,1
2204,1
2205,1
2206,1
2207,1
2208,1
2209,1
221,3
2210,1
2211,1
2212,1
2213,1
2214,1
2215,1
2216,1
2217,1
2218,1
2219,1
222,3
2220,1
2221,1
2222,1
2223,1
2224,1
2225,1
2226,1
2227,1
2228,1
2229,1
223,3
2230,1
2231,1
2232,1
2233,1
2234,1
2235,1
2236,1
2237,1
2238,1
2239,1
224,3
2240,1
2241,1
2242,1
2243,1
2244,1
2245,1
2246,1
2247,1
2248,1
2249,1
225,3
2250,1
2251,1
2252,1
2253,1
2254,1
2255,1
2256,1
2257,1
2258,1
2259,1
226,3
2260,1
2261,1
2262,1
2263,1
2264,1
2265,1
2266,1
2267,1
2268,1
2269,1
227,3
2270,1
2271,1
2272,1
2273,1
2274,1
2275,1
2276,1
2277,1
2278,1
2279,1
228,3
2280,1
2281,1
2282,1
2283,1
2284,1
2285,1
2286,1
2287,1
2288,1
2289,1
229,3
2290,1
2291,1
2292,1
2293,1
2294,1
2295,1
2296,1
2297,1
2298,1
2299,1
23,3
230,3
2300,1
2301,1
2302,1
2303,1
2304,1
2305,1
2306,1
2307,1
2308,1
2309,1
231,3
2310,1
2311,1
2312,1
2313,1
2314,1
2315,1
2316,1
2317,1
2318,1
2319,1
232,3
2320,1
2321,1
2322,1
2323,1
2324,1
2325,1
2326,1
2327,1
2328,1
2329,1
233,3
2330,1
2331,1
2332,1
2333,1
2334,1
2335,1
2336,1
2337,1
2338,1
2339,1
234,3
2340,1
2341,1
2342,1
2343,1
2344,1
2345,1
2346,1
2347,1
2348,1
2349,1
235,3
2350,1
2351,1
2352,1
2353,1
2354,1
2355,1
2356,1
2357,1
2358,1
2359,1
236,3
2360,1
2361,1
2362,1
2363,1
2364,1
2365,1
2366,1
2367,1
2368,1
2369,1
237,3
2370,1
2371,1
2372,1
2373,1
2374,1
2375,1
2376,1
2377,1
2378,1
2379,1
238,3
2380,1
2381,1
2382,1
2383,1
2384,1
2385,1
2386,1
2387,1
2388,1
2389,1
239,3
2390,1
2391,1
2392,1
2393,1
2394,1
2395,1
2396,1
2397,1
2398,1
2399,1
24,3
240,3
2400,1
2401,1
2402,1
2403,1
2404,1
2405,1
2406,1
2407,1
2408,1
2409,1
241,3
2410,1
2411,1
2412,1
2413,1
2414,1
2415,1
2416,1
2417,1
2418,1
2419,1
242,3
2420,1
2421,1
2422,1
2423,1
2424,1
2425,1
2426,1
2427,1
2428,1
2429,1
243,3
2430,1
2431,1
2432,1
2433,1
2434,1
2435,1
2436,1
2437,1
2438,1
2439,1
244,3
2440,1
2441,1
2442,1
2443,1
2444,1
2445,1
2446,1
2447,1
2448,1
2449,1
245,3
2450,1
2451,1
2452,1
2453,1
2454,1
2455,1
2456,1
2457,1
2458,1
2459,1
246,3
2460,1
2461,1
2462,1
2463,1
2464,1
2465,1
2466,1
2467,1
2468,1
2469,1
247,3
2470,1
2471,1
2472,1
2473,1
2474,1
2475,1
2476,1
2477,1
2478,1
2479,1
248,3
2480,1
2481,1
2482,1
2483,1
2484,1
2485,1
2486,1
2487,1
2488,1
2489,1
249,3
2490,1
2491,1
2492,1
2493,1
2494,1
2495,1
2496,1
2497,1
2498,1
2499,1
25,3
250,3
2500,1
2501,1
2502,1
2503,1
2504,1
2505,1
2506,1
2507,1
2508,1
2509,1
251,3
2510,1
2511,1
2512,1
2513,1
2514,1
2515,1
2516,1
2517,1
2518,1
2519,1
252,3
2520,1
2521,1
2522,1
2523,1
2524,1
2525,1
2526,1
2527,1
2528,1
2529,1
253,3
2530,1
2531,1
2532,1
2533,1
2534,1
2535,1
2536,1
2537,1
2538,1
2539,1
254,3
2540,1
2541,1
2542,1
2543,1
2544,1
2545,1
2546,1
2547,1
2548,1
2549,1
255,3
2550,1
2551,1
2552,1
2553,1
2554,1
2555,1
2556,1
2557,1
2558,1
2559,1
256,3
2560,1
2561,1
2562,1
2563,1
2564,1
2565,1
2566,1
2567,1
2568,1
2569,1
257,3
2570,1
2571,1
2572,1
2573,1
2574,1
2575,1
2576,1
2577,1
2578,1
2579,1
258,3
2580,1
2581,1
2582,1
2583,1
2584,1
2585,1
2586,1
2587,1
2588,1
2589,1
259,3
2590,1
2591,1
2592,1
2593,1
2594,1
2595,1
2596,1
2597,1
2598,1
2599,1
26,3
260,3
2600,1
2601,1
2602,1
2603,1
2604,1
2605,1
2606,1
2607,1
2608,1
2609,1
261,3
2610,1
2611,1
2612,1
2613,1
2614,1
2615,1
2616,1
2617,1
2618,1
2619,1
262,3
2620,1
2621,1
2622,1
2623,1
2624,1
2625,1
2626,1
2627,1
2628,1
2629,1
263,3
2630,1
2631,1
2632,1
2633,1
2634,1
2635,1
2636,1
2637,1
2638,1
2639,1
264,3
2640,1
2641,1
2642,1
2643,1
2644,1
2645,1
2646,1
2647,1
2648,1
2649,1
265,3
2650,1
2651,1
2652,1
2653,1
2654,1
2655,1
2656,1
2657,1
2658,1
2659,1
266,3
2660,1
2661,1
2662,1
2663,1
2664,1
2665,1
2666,1
2667,1
2668,1
2669,1
267,3
2670,1
2671,1
2672,1
2673,1
2674,1
2675,1
2676,1
2677,1
2678,1
2679,1
268,3
2680,1
2681,1
2682,1
2683,1
2684,1
2685,1
2686,1
2687,1
2688,1
2689,1
269,3
2690,1
2691,1
2692,1
2693,1
2694,1
2695,1
2696,1
2697,1
2698,1
2699,1
27,3
270,3
2700,1
2701,1
2702,1
2703,1
2704,1
2705,1
2706,1
2707,1
2708,1
2709,1
271,3
2710,1
2711,1
2712,1
2713,1
2714,1
2715,1
2716,1
2717,1
2718,1
2719,1
272,3
2720,1
2721,1
2722,1
2723,1
2724,1
2725,1
2726,1
2727,1
2728,1
2729,1
273,3
2730,1
2731,1
2732,1
2733,1
2734,1
2735,1
2736,1
2737,1
2738,1
2739,1
274,3
2740,1
2741,1
2742,1
2743,1
2744,1
2745,1
2746,1
2747,1
2748,1
2749,1
275,3
2750,1
2751,1
2752,1
2753,1
2754,1
2755,1
2756,1
2757,1
2758,1
2759,1
276,3
2760,1
2761,1
2762,1
2763,1
2764,1
2765,1
2766,1
2767,1
2768,1
2769,1
277,3
2770,1
2771,1
2772,1
2773,1
2774,1
2775,1
2776,1
2777,1
2778,1
2779,1
278,3
2780,1
2781,1
2782,1
2783,1
2784,1
2785,1
2786,1
2787,1
2788,1
2789,1
279,2
2790,1
2791,1
2792,1
2793,1
2794,1
2795,1
2796,1
2797,1
2798,1
2799,1
28,3
280,2
2800,1
2801,1
2802,1
2803,1
2804,1
2805,1
2806,1
2807,1
2808,1
2809,1
281,2
2810,1
2811,1
2812,1
2813,1
2814,1
2815,1
2816,1
2817,1
2818,1
2819,1
282,2
2820,1
2821,1
2822,1
2823,1
2824,1
2825,1
2826,1
2827,1
2828,1
2829,1
283,2
2830,1
2831,1
2832,1
2833,1
2834,1
2835,1
2836,1
2837,1
2838,1
2839,1
284,2
2840,1
2841,1
2842,1
2843,1
2844,1
2845,1
2846,1
2847,1
2848,1
2849,1
285,2
2850,1
2851,1
2852,1
2853,1
2854,1
2855,1
2856,1
2857,1
2858,1
2859,1
286,2
2860,1
2861,1
2862,1
2863,1
2864,1
2865,1
2866,1
2867,1
2868,1
2869,1
287,2
2870,1
2871,1
2872,1
2873,1
2874,1
2875,1
2876,1
2877,1
2878,1
2879,1
288,2
2880,1
2881,1
2882,1
2883,1
2884,1
2885,1
2886,1
2887,1
2888,1
2889,1
289,2
2890,1
2891,1
2892,1
2893,1
2894,1
2895,1
2896,1
2897,1
2898,1
2899,1
29,3
290,2
2900,1
2901,1
2902,1
2903,1
2904,1
2905,1
2906,1
2907,1
2908,1
2909,1
291,2
2910,1
2911,1
2912,1
2913,1
2914,1
2915,1
2916,1
2917,1
2918,1
2919,1
292,2
2920,1
2921,1
2922,1
2923,1
2924,1
2925,1
2926,1
2927,1
2928,1
2929,1
293,2
2930,1
2931,1
2932,1
2933,1
2934,1
2935,1
2936,1
2937,1
2938,1
2939,1
294,2
2940,1
2941,1
2942,1
2943,1
2944,1
2945,1
2946,1
2947,1
2948,1
2949,1
295,2
2950,1
2951,1
2952,1
2953,1
2954,1
2955,1
2956,1
2957,1
2958,1
2959,1
296,2
2960,1
2961,1
2962,1
2963,1
2964,1
2965,1
2966,1
2967,1
2968,1
2969,1
297,2
2970,1
2971,1
2972,1
2973,1
2974,1
2975,1
2976,1
2977,1
2978,1
2979,1
298,2
2980,1
2981,1
2982,1
2983,1
2984,1
2985,1
2986,1
2987,1
2988,1
2989,1
299,2
2990,1
2991,1
2992,1
2993,1
2994,1
2995,1
2996,1
2997,1
2998,1
2999,1
3,3
30,3
300,2
3000,1
3001,1
3002,1
3003,1
3004,1
3005,1
3006,1
3007,1
3008,1
3009,1
301,2
3010,1
3011,1
3012,1
3013,1
3014,1
3015,1
3016,1
3017,1
3018,1
3019,1
302,2
3020,1
3021,1
3022,1
3023,1
3024,1
3025,1
3026,1
3027,1
3028,1
3029,1
303,2
3030,1
3031,1
3032,1
3033,1
3034,1
3035,1
3036,1
3037,1
3038,1
3039,1
304,2
3040,1
3041,1
3042,1
3043,1
3044,1
3045,1
3046,1
3047,1
3048,1
3049,1
305,2
3050,1
3051,1
3052,1
3053,1
3054,1
3055,1
3056,1
3057,1
3058,1
3059,1
306,2
3060,1
3061,1
3062,1
3063,1
3064,1
3065,1
3066,1
3067,1
3068,1
3069,1
307,2
3070,1
3071,1
3072,1
3073,1
3074,1
3075,1
3076,1
3077,1
3078,1
3079,1
308,2
3080,1
3081,1
3082,1
3083,1
3084,1
3085,1
3086,1
3087,1
3088,1
3089,1
309,2
3090,1
3091,1
3092,1
3093,1
3094,1
3095,1
3096,1
3097,1
3098,1
3099,1
31,3
310,2
3100,1
3101,1
3102,1
3103,1
3104,1
3105,1
3106,1
3107,1
3108,1
3109,1
311,2
3110,1
3111,1
3112,1
3113,1
3114,1
3115,1
3116,1
3117,1
3118,1
3119,1
312,2
3120,1
3121,1
3122,1
3123,1
3124,1
3125,1
3126,1
3127,1
3128,1
3129,1
313,2
3130,1
3131,1
3132,1
3133,1
3134,1
3135,1
3136,1
3137,1
3138,1
3139,1
314,2
3140,1
3141,1
3142,1
3143,1
3144,1
3145,1
3146,1
3147,1
3148,1
3149,1
315,2
3150,1
3151,1
3152,1
3153,1
3154,1
3155,1
3156,1
3157,1
3158,1
3159,1
316,2
3160,1
3161,1
3162,1
3163,1
3164,1
3165,1
3166,1
3167,1
3168,1
3169,1
317,2
3170,1
3171,1
3172,1
3173,1
3174,1
3175,1
3176,1
3177,1
3178,1
3179,1
318,2
3180,1
3181,1
3182,1
3183,1
3184,1
3185,1
3186,1
3187,1
3188,1
3189,1
319,2
3190,1
3191,1
3192,1
3193,1
3194,1
3195,1
3196,1
3197,1
3198,1
3199,1
32,3
320,2
3200,1
3201,1
3202,1
3203,1
3204,1
3205,1
3206,1
3207,1
3208,1
3209,1
321,2
3210,1
3211,1
3212,1
3213,1
3214,1
3215,1
3216,1
3217,1
3218,1
3219,1
322,2
3220,1
3221,1
3222,1
3223,1
3224,1
3225,1
3226,1
3227,1
3228,1
3229,1
323,2
3230,1
3231,1
3232,1
3233,1
3234,1
3235,1
3236,1
3237,1
3238,1
3239,1
324,2
3240,1
3241,1
3242,1
3243,1
3244,1
3245,1
3246,1
3247,1
3248,1
3249,1
325,2
3250,1
3251,1
3252,1
3253,1
3254,1
3255,1
3256,1
3257,1
3258,1
3259,1
326,2
3260,1
3261,1
3262,1
3263,1
3264,1
3265,1
3266,1
3267,1
3268,1
3269,1
327,2
3270,1
3271,1
3272,1
3273,1
3274,1
3275,1
3276,1
3277,1
3278,1
3279,1
328,2
3280,1
3281,1
3282,1
3283,1
3284,1
3285,1
3286,1
3287,1
3288,1
3289,1
329,2
3290,1
3291,1
3292,1
3293,1
3294,1
3295,1
3296,1
3297,1
3298,1
3299,1
33,3
330,2
3300,1
3301,1
3302,1
3303,1
3304,1
3305,1
3306,1
3307,1
3308,1
3309,1
331,2
3310,1
3311,1
3312,1
3313,1
3314,1
3315,1
3316,1
3317,1
3318,1
3319,1
332,2
3320,1
3321,1
3322,1
3323,1
3324,1
3325,1
3326,1
3327,1
3328,1
3329,1
333,2
3330,1
3331,1
3332,1
3333,1
3334,1
3335,1
3336,1
3337,1
3338,1
3339,1
334,2
3340,1
3341,1
3342,1
3343,1
3344,1
3345,1
3346,1
3347,1
3348,1
3349,1
335,2
3350,1
3351,1
3352,1
3353,1
3354,1
3355,1
3356,1
3357,1
3358,1
3359,1
336,2
3360,1
3361,1
3362,1
3363,1
3364,1
3365,1
3366,1
3367,1
3368,1
3369,1
337,2
3370,1
3371,1
3372,1
3373,1
3374,1
3375,1
3376,1
3377,1
3378,1
3379,1
338,2
3380,1
3381,1
3382,1
3383,1
3384,1
3385,1
3386,1
3387,1
3388,1
3389,1
339,2
3390,1
3391,1
3392,1
3393,1
3394,1
3395,1
3396,1
3397,1
3398,1
3399,1
34,3
340,2
3400,1
3401,1
3402,1
3403,1
3404,1
3405,1
3406,1
3407,1
3408,1
3409,1
341,2
3410,1
3411,1
3412,1
3413,1
3414,1
3415,1
3416,1
3417,1
3418,1
3419,1
342,2
3420,1
3421,1
3422,1
3423,1
3424,1
3425,1
3426,1
3427,1
3428,1
3429,1
343,2
3430,1
3431,1
3432,1
3433,1
3434,1
3435,1
3436,1
3437,1
3438,1
3439,1
344,2
3440,1
3441,1
3442,1
3443,1
3444,1
3445,1
3446,1
3447,1
3448,1
3449,1
345,2
3450,1
3451,1
3452,1
3453,1
3454,1
3455,1
3456,1
3457,1
3458,1
3459,1
346,2
3460,1
3461,1
3462,1
3463,1
3464,1
3465,1
3466,1
3467,1
3468,1
3469,1
347,2
3470,1
3471,1
3472,1
3473,1
3474,1
3475,1
3476,1
3477,1
3478,1
3479,1
348,2
3480,1
3481,1
3482,1
3483,1
3484,1
3485,1
3486,1
3487,1
3488,1
3489,1
349,2
3490,1
3491,1
3492,1
3493,1
3494,1
3495,1
3496,1
3497,1
3498,1
3499,1
35,3
350,2
3500,1
3501,1
3502,1
3503,1
3504,1
3505,1
3506,1
3507,1
3508,1
3509,1
351,2
3510,1
3511,1
3512,1
3513,1
3514,1
3515,1
3516,1
3517,1
3518,1
3519,1
352,2
3520,1
3521,1
3522,1
3523,1
3524,1
3525,1
3526,1
3527,1
3528,1
3529,1
353,2
3530,1
3531,1
3532,1
3533,1
3534,1
3535,1
3536,1
3537,1
3538,1
3539,1
354,2
3540,1
3541,1
3542,1
3543,1
3544,1
3545,1
3546,1
3547,1
3548,1
3549,1
355,2
3550,1
3551,1
3552,1
3553,1
3554,1
3555,1
3556,1
3557,1
3558,1
3559,1
356,2
3560,1
3561,1
3562,1
3563,1
3564,1
3565,1
3566,1
3567,1
3568,1
3569,1
357,2
3570,1
3571,1
3572,1
3573,1
3574,1
3575,1
3576,1
3577,1
3578,1
3579,1
358,2
3580,1
3581,1
3582,1
3583,1
3584,1
3585,1
3586,1
3587,1
3588,1
3589,1
359,2
3590,1
3591,1
3592,1
3593,1
3594,1
3595,1
3596,1
3597,1
3598,1
3599,1
36,3
360,2
3600,1
3601,1
3602,1
3603,1
3604,1
3605,1
3606,1
3607,1
3608,1
3609,1
361,2
3610,1
3611,1
3612,1
3613,1
3614,1
3615,1
3616,1
3617,1
3618,1
3619,1
362,2
3620,1
3621,1
3622,1
3623,1
3624,1
3625,1
3626,1
3627,1
3628,1
3629,1
363,2
3630,1
3631,1
3632,1
3633,1
3634,1
3635,1
3636,1
3637,1
3638,1
3639,1
364,2
3640,1
3641,1
3642,1
3643,1
3644,1
3645,1
3646,1
3647,1
3648,1
3649,1
365,2
3650,1
3651,1
3652,1
3653,1
3654,1
3655,1
3656,1
3657,1
3658,1
3659,1
366,2
3660,1
3661,1
3662,1
3663,1
3664,1
3665,1
3666,1
3667,1
3668,1
3669,1
367,2
3670,1
3671,1
3672,1
3673,1
3674,1
3675,1
3676,1
3677,1
3678,1
3679,1
368,2
3680,1
3681,1
3682,1
3683,1
3684,1
3685,1
3686,1
3687,1
3688,1
3689,1
369,2
3690,1
3691,1
3692,1
3693,1
3694,3
3695,3
3696,3
3697,3
3698,3
3699,1
37,3
370,2
3700,1
3701,1
3702,1
3703,1
3704,1
3705,3
3706,3
3707,3
3708,3
3709,3
371,2
3710,3
3711,3
3712,3
3713,3
3714,3
3715,3
3716,3
3717,3
3718,3
3719,3
372,2
3720,3
3721,3
3722,3
3723,3
3724,3
3725,3
3726,3
3727,3
3728,3
3729,3
373,2
3730,3
3731,3
3732,3
3733,3
3734,3
3735,3
3736,3
3737,3
3738,3
3739,3
374,2
3740,3
3741,3
3742,3
3743,3
3744,3
3745,3
3746,3
3747,3
3748,3
3749,3
375,2
3750,3
3751,3
3752,3
3753,3
3754,3
3755,3
3756,3
376,2
377,2
378,2
379,2
38,3
380,2
381,2
382,2
383,2
384,2
385,2
386,2
387,2
388,2
389,2
39,3
390,2
391,2
392,2
393,2
394,2
395,2
396,2
397,2
398,2
399,2
4,3
40,3
400,2
401,2
402,2
403,2
404,2
405,2
406,2
407,2
408,2
409,2
41,3
410,2
411,2
412,2
413,3
414,3
415,3
416,3
417,3
418,3
419,3
42,3
420,3
421,3
422,3
423,3
424,3
425,3
426,3
427,3
428,3
429,3
43,3
430,3
431,3
432,3
433,3
434,3
435,3
436,3
437,3
438,3
439,3
44,3
440,3
441,3
442,3
443,3
444,3
445,3
446,3
447,3
448,3
449,3
45,3
450,3
451,3
452,3
453,3
454,3
455,3
456,3
457,3
458,3
459,3
46,3
460,3
461,3
462,2
463,2
464,2
465,2
466,2
467,2
468,2
469,2
47,3
470,2
471,2
472,2
473,2
474,2
475,2
476,2
477,3
478,2
479,2
48,3
480,2
481,2
482,3
483,3
484,3
485,3
486,2
487,3
488,3
489,3
49,3
490,3
491,3
492,3
493,3
494,3
495,3
496,3
497,3
498,3
499,3
5,3
50,3
500,3
501,3
502,3
503,3
504,3
505,3
506,3
507,3
508,3
509,3
51,3
510,3
511,3
512,3
513,3
514,3
515,3
516,3
517,3
518,3
519,3
52,3
520,3
521,3
522,3
523,3
524,3
525,3
526,3
527,3
528,3
529,3
53,3
530,3
531,3
532,3
533,3
534,3
535,3
536,3
537,3
538,3
539,3
54,3
540,3
541,3
542,3
543,3
544,3
545,3
546,3
547,3
548,3
549,3
55,3
550,3
551,3
552,3
553,3
554,3
555,3
556,3
557,3
558,3
559,3
56,3
560,3
561,3
562,3
563,3
564,3
565,3
566,3
567,3
568,3
569,3
57,3
570,3
571,3
572,3
573,3
574,3
575,3
576,3
577,3
578,3
579,3
58,3
580,3
581,3
582,3
583,2
584,2
585,2
586,2
587,2
588,2
589,2
59,3
590,2
591,2
592,2
593,2
594,2
595,2
596,2
597,2
598,2
599,2
6,3
60,3
600,2
601,2
602,2
603,2
604,2
605,2
606,2
607,2
608,2
609,2
61,3
610,2
611,2
612,2
613,2
614,2
615,2
616,2
617,2
618,2
619,2
62,3
620,2
621,2
622,2
623,2
624,2
625,2
626,2
627,2
628,2
629,2
63,3
630,2
631,2
632,2
633,2
634,2
635,2
636,2
637,2
638,2
639,2
64,3
640,2
641,2
642,2
643,2
644,2
645,2
646,3
647,3
648,3
649,3
65,3
650,3
651,3
652,3
653,3
654,3
655,3
656,3
657,3
658,3
659,3
66,3
660,3
661,3
662,2
663,2
664,3
665,3
666,3
667,3
668,2
669,2
67,3
670,2
671,3
672,3
673,3
674,3
675,3
676,3
677,3
678,2
679,3
68,3
680,3
681,3
682,3
683,3
684,3
685,3
686,3
687,3
688,3
689,3
69,3
690,3
691,3
692,3
693,3
694,3
695,3
696,3
697,3
698,3
699,3
7,3
70,3
700,3
701,3
702,3
703,3
704,3
705,3
706,3
707,3
708,3
709,3
71,3
710,3
711,3
712,3
713,3
714,3
715,3
716,3
717,3
718,3
719,3
72,3
720,3
721,3
722,3
723,3
724,3
725,3
726,3
727,3
728,3
729,3
73,3
730,3
731,3
732,3
733,3
734,3
735,3
736,3
737,3
738,3
739,3
74,3
740,3
741,3
742,3
743,3
744,3
745,3
746,3
747,3
748,3
749,3
75,3
750,3
751,3
752,3
753,3
754,3
755,3
756,3
757,3
758,3
759,3
76,3
760,3
761,3
762,3
763,3
764,3
765,3
766,3
767,3
768,3
769,3
77,3
770,3
771,3
772,3
773,3
774,3
775,3
776,3
777,1
778,3
779,3
78,3
780,3
781,3
782,3
783,3
784,3
785,3
786,3
787,3
788,3
789,3
79,3
790,3
791,3
792,3
793,3
794,3
795,3
796,3
797,3
798,3
799,3
8,3
80,3
800,3
801,3
802,3
803,3
804,3
805,3
806,3
807,3
808,3
809,3
81,3
810,3
811,3
812,3
813,3
814,3
815,3
816,3
817,3
818,3
819,3
82,3
820,3
821,3
822,3
823,3
824,3
825,3
826,3
827,3
828,3
829,3
83,3
830,3
831,3
832,3
833,3
834,3
835,3
836,3
837,3
838,3
839,3
84,3
840,3
841,3
842,3
843,3
844,3
845,3
846,3
847,3
848,3
849,3
85,3
850,3
851,3
852,3
853,3
854,3
855,3
856,3
857,3
858,3
859,3
86,3
860,3
861,3
862,3
863,3
864,3
865,3
866,3
867,3
868,3
869,3
87,3
870,3
871,3
872,3
873,3
874,3
875,3
876,3
877,3
878,3
879,3
88,3
880,3
881,3
882,3
883,3
884,3
885,3
886,3
887,3
888,3
889,3
89,3
890,3
891,3
892,3
893,3
894,3
895,3
896,1
897,1
898,1
899,1
9,3
90,3
900,1
901,1
902,1
903,1
904,1
905,1
906,1
907,1
908,1
909,1
91,3
910,1
911,1
912,1
913,1
914,1
915,1
916,1
917,1
918,1
919,1
92,3
920,1
921,1
922,1
923,1
924,1
925,1
926,1
927,1
928,1
929,1
93,3
930,1
931,1
932,1
933,1
934,1
935,1
936,1
937,1
938,1
939,1
94,3
940,1
941,1
942,1
943,1
944,1
945,1
946,1
947,1
948,1
949,1
95,3
950,1
951,1
952,1
953,1
954,1
955,1
956,1
957,1
958,1
959,1
96,3
960,1
961,1
962,1
963,1
964,1
965,1
966,1
967,1
968,1
969,1
97,3
970,1
971,1
972,1
973,1
974,1
975,1
976,1
977,1
978,1
979,1
98,3
980,1
981,1
982,1
983,1
984,1
985,1
986,1
987,1
988,1
989,1
99,3
990,1
991,1
992,1
993,1
994,1
995,1
996,1
997,1
998,1
999,1
